395.52 135.68 430.08 148.48
101.12 193.28 138.24 201.216
112.64 177.92 148.48 184.32
134.4 340.48 170.24 352
377.6 144.64 416 158.72
354.56 215.04 391.68 227.328
376.32 170.24 411.034 182.477
382.72 177.92 418.406 186.163
367.36 15.36 403.968 26.112
391.68 190.72 428.8 204.8
79.36 158.72 116.48 166.4
117.76 343.04 152.064 351.744
106.24 247.04 139.346 256.573
103.68 227.84 138.24 236.544
162.56 158.72 199.68 164.352
78.08 179.2 113.664 184.32
382.72 57.6 422.4 67.84
101.12 209.92 138.24 217.498
165.12 359.68 198.144 365.568
75.264 273.408 110.08 280.32
76.8 176.64 113.664 184.32
74.24 286.72 108.8 296.96
101.12 216.32 136.704 227.328
204.8 341.76 236.8 352
179.2 345.6 213.504 351.744
79.36 171.52 113.664 178.176
240.64 273.92 276.48 286.72
377.6 144.64 416 158.72
241.92 314.88 278.016 325.632
384 128 418.56 140.8
143.36 358.4 178.176 365.568
208.64 335.36 241.533 347.701
212.337 336.2 246.989 348.365
380.677 142.181 417.369 155.94
390.758 53.4528 426.24 66.56
77.4144 388.915 113.664 396.288
162.56 158.72 199.68 164.352
162.56 378.88 198.144 390.144
130.56 387.84 166.4 395.52
79.36 267.52 116.48 277.76
78.08 179.2 113.664 184.32
382.72 57.6 422.4 67.84
238.08 357.12 273.92 364.8
241.92 392.96 271.872 403.968
172.8 291.84 205.824 302.592
78.08 249.6 113.92 254.72
112.64 241.92 144.64 250.88
101.12 209.92 138.24 217.498
112.64 183.04 151.04 192
134.4 340.48 170.24 352
75.264 155.136 113.92 163.84
140.8 345.6 176.64 352
104.96 206.08 138.24 217.498
165.12 359.68 198.144 365.568
115.2 190.72 152.064 198.144
75.52 168.96 113.664 178.176
75.264 273.408 110.08 280.32
174.08 386.56 208.64 396.8
76.8 176.64 113.664 184.32
113.92 244.48 152.064 251.904
354.56 175.36 390.758 186.163
199.68 343.04 236.8 352
177.92 339.2 213.504 351.744
209.92 354.56 245.76 365.568
175.104 342.835 209.92 354.56
74.24 286.72 108.8 296.96
101.12 216.32 136.704 227.328
130.56 384 166.4 395.52
125.44 154.88 159.744 165.888
204.8 341.76 236.8 352
279.04 285.44 315.187 298.598
235.52 394.24 271.872 403.968
179.2 345.6 213.504 351.744
274.944 262.656 313.344 273.408
204.8 394.24 236.667 404.767
79.36 171.52 113.664 178.176
240.64 273.92 276.48 286.72
377.6 144.64 416 158.72
72.96 468.48 106.24 476.16
241.92 314.88 278.016 325.632
384 128 418.56 140.8
112.64 172.8 148.48 180.48
112.64 300.8 149.76 308.48
151.04 400.64 185.856 410.112
72.96 300.8 110.08 309.76
195.072 347.136 230.4 359.424
75.5712 270.95 110.08 280.32
76.8 204.8 113.664 211.968
72.9907 376.013 105.984 385.536
143.36 358.4 178.176 365.568
331.52 224 368.64 235.008
202.24 340.48 236.8 352
75.52 263.68 112.128 271.872
354.56 128 390.144 136.704
96 387.84 132.096 396.288
208.64 335.36 241.533 347.701
74.24 277.76 110.08 284.16
119.04 240.64 152.064 251.904
399.36 180.48 436.838 195.379
113.664 175.104 148.48 184.32
117.228 340.623 152.064 351.744
373.801 170.312 411.034 182.477
119.439 161.464 156.16 166.4
75.264 213.504 108.8 220.16
153.944 387.514 190.72 398.08
70.0416 167.731 104.96 174.08
105.062 195.379 138.24 201.216
212.337 336.2 246.989 348.365
129.024 184.32 162.56 192
119.808 256.205 152.064 264.192
136.397 342.835 170.24 352
94.0032 213.811 130.56 219.648
123.494 175.104 156.16 184.32
80.2633 248.434 113.92 254.72
380.677 142.181 417.369 155.94
112.435 370.483 145.92 379.392
193.536 202.752 230.4 210.432
99.5328 291.226 136.96 298.24
165.888 228.557 198.144 239.616
149.299 377.856 185.795 389.284
119.439 175.178 153.6 184.32
390.758 53.4528 426.24 66.56
77.4144 388.915 113.664 396.288
